
Correctly Classified Instances        1393               62.3824 %
Incorrectly Classified Instances       840               37.6176 %
Kappa statistic                          0.6096
Mean absolute error                      0.0173
Root mean squared error                  0.1141
Relative absolute error                 43.1384 %
Root relative squared error             80.6263 %
Total Number of Instances             2233     

=== Detailed Accuracy By Class ===

                 TP Rate  FP Rate  Precision  Recall   F-Measure  MCC      ROC Area  PRC Area  Class
                 0,770    0,039    0,356      0,770    0,487      0,506    0,932     0,497     Cirrhosis
                 0,222    0,001    0,500      0,222    0,308      0,332    0,868     0,357     Epilepsy
                 0,594    0,012    0,847      0,594    0,698      0,684    0,829     0,668     Pneumonia
                 0,324    0,004    0,550      0,324    0,407      0,415    0,830     0,376     COPD
                 0,640    0,009    0,740      0,640    0,687      0,677    0,907     0,690     Acute Myocardial Infarction
                 0,636    0,025    0,337      0,636    0,441      0,449    0,851     0,320     Fires
                 0,671    0,030    0,458      0,671    0,545      0,534    0,888     0,538     Renal Failure
                 0,576    0,019    0,475      0,576    0,521      0,507    0,925     0,521     AIDS
                 0,357    0,004    0,385      0,357    0,370      0,367    0,851     0,306     Lung Cancer
                 0,824    0,014    0,708      0,824    0,761      0,753    0,979     0,798     Maternal
                 0,718    0,005    0,718      0,718    0,718      0,713    0,970     0,694     Drowning
                 0,489    0,006    0,776      0,489    0,600      0,604    0,834     0,544     Other Cardiovascular Diseases
                 0,352    0,012    0,603      0,352    0,444      0,441    0,822     0,436     Other Non-communicable Diseases
                 0,204    0,000    0,909      0,204    0,333      0,426    0,842     0,378     Falls
                 0,766    0,004    0,845      0,766    0,803      0,799    0,934     0,754     Road Traffic
                 0,962    0,001    0,893      0,962    0,926      0,926    0,994     0,935     Bite of Venomous Animal
                 0,573    0,013    0,597      0,573    0,585      0,571    0,893     0,567     Diabetes
                 0,458    0,003    0,825      0,458    0,589      0,606    0,791     0,508     Other Infectious Diseases
                 0,511    0,005    0,667      0,511    0,578      0,576    0,866     0,507     TB
                 0,839    0,025    0,321      0,839    0,464      0,509    0,944     0,577     Suicide
                 0,591    0,005    0,520      0,591    0,553      0,550    0,931     0,372     Other Injuries
                 0,500    0,005    0,294      0,500    0,370      0,380    0,972     0,462     Cervical Cancer
                 0,609    0,037    0,500      0,609    0,549      0,522    0,929     0,606     Stroke
                 0,214    0,002    0,545      0,214    0,308      0,337    0,662     0,232     Malaria
                 0,429    0,003    0,333      0,429    0,375      0,376    0,913     0,501     Asthma
                 0,250    0,000    0,800      0,250    0,381      0,445    0,809     0,321     Colorectal Cancer
                 0,484    0,009    0,441      0,484    0,462      0,454    0,898     0,339     Homicide
                 0,551    0,005    0,831      0,551    0,663      0,665    0,829     0,602     Diarrhea/Dysentery
                 0,808    0,001    0,875      0,808    0,840      0,839    0,983     0,781     Breast Cancer
                 0,421    0,017    0,178      0,421    0,250      0,264    0,830     0,147     Leukemia/Lymphomas
                 0,250    0,004    0,400      0,250    0,308      0,310    0,787     0,306     Poisonings
                 0,800    0,006    0,235      0,800    0,364      0,432    0,967     0,577     Prostate Cancer
                 0,000    0,002    0,000      0,000    0,000      -0,001   0,536     0,072     Esophageal Cancer
                 0,571    0,002    0,444      0,571    0,500      0,502    0,888     0,516     Stomach Cancer
                 0,857    0,004    0,429      0,857    0,571      0,605    0,989     0,819     Measles
                 0,229    0,002    0,667      0,229    0,340      0,385    0,857     0,386     Other Defined Causes of Child Deaths
                 1,000    0,002    0,688      1,000    0,815      0,828    0,999     0,876     Violent Death
                 1,000    0,005    0,476      1,000    0,645      0,688    0,999     0,857     Other Digestive Diseases
                 0,800    0,003    0,571      0,800    0,667      0,674    0,983     0,749     Encephalitis
                 0,815    0,008    0,564      0,815    0,667      0,673    0,993     0,596     Sepsis
                 0,429    0,001    0,500      0,429    0,462      0,461    0,820     0,514     Other Cancers
                 0,900    0,001    0,750      0,900    0,818      0,821    1,000     0,956     Hemorrhagic fever
                 0,818    0,003    0,563      0,818    0,667      0,677    0,960     0,760     Meningitis
                 0,635    0,003    0,870      0,635    0,734      0,736    0,981     0,834     Birth asphyxia
                 0,979    0,011    0,863      0,979    0,917      0,913    0,997     0,951     Stillbirth
                 0,898    0,007    0,863      0,898    0,880      0,875    0,993     0,919     Preterm Delivery
                 0,615    0,001    0,800      0,615    0,696      0,700    0,867     0,583     Meningitis/Sepsis
                 0,846    0,005    0,767      0,846    0,805      0,802    0,976     0,866     Congenital malformation
Weighted Avg.    0,624    0,012    0,680      0,624    0,625      0,625    0,898     0,620     

=== Confusion Matrix ===

   a   b   c   d   e   f   g   h   i   j   k   l   m   n   o   p   q   r   s   t   u   v   w   x   y   z  aa  ab  ac  ad  ae  af  ag  ah  ai  aj  ak  al  am  an  ao  ap  aq  ar  as  at  au  av   <-- classified as
  47   1   0   1   1   0   2   2   1   0   0   0   1   0   0   0   0   0   0   1   0   1   2   0   0   0   0   1   0   0   0   0   0   0   0   0   0   0   0   0   0   0   0   0   0   0   0   0 |   a = Cirrhosis
   2   2   0   0   0   0   0   0   0   0   0   0   0   0   0   0   0   0   0   0   0   0   3   0   0   0   1   0   0   0   0   0   0   0   0   0   0   1   0   0   0   0   0   0   0   0   0   0 |   b = Epilepsy
  14   0 133   3   1   6   9   3   0   2   0   2   8   0   0   0   4   0   3   4   0   4   3   2   1   0   2   3   0   2   0   2   0   0   0   1   0   0   2   2   0   0   3   1   1   2   1   0 |   c = Pneumonia
   1   0   0  11   2   2   5   0   0   1   0   1   0   1   0   0   1   1   1   1   1   1   1   0   0   0   0   0   0   2   1   0   0   0   0   0   0   0   0   0   0   0   0   0   0   0   0   0 |   d = COPD
   3   0   1   1  57   1   4   3   1   0   1   0   0   0   0   0   1   0   0   3   0   0  11   0   1   0   0   0   0   1   0   0   0   0   0   0   0   0   0   0   0   0   0   0   0   0   0   0 |   e = Acute Myocardial Infarction
   2   0   0   0   1  28   2   2   0   1   1   0   0   0   1   0   0   0   0   0   1   0   3   0   0   0   0   1   0   0   0   0   0   0   0   1   0   0   0   0   0   0   0   0   0   0   0   0 |   f = Fires
   1   1   0   0   2   3  55   6   0   1   0   1   1   0   0   0   1   1   0   2   0   0   2   0   1   0   1   0   0   2   0   0   0   0   0   0   0   0   0   1   0   0   0   0   0   0   0   0 |   g = Renal Failure
   5   0   0   1   1   0   5  38   0   0   0   0   1   0   0   0   0   0   1   6   0   0   5   0   1   0   0   0   0   1   1   0   0   0   0   0   0   0   0   0   0   0   0   0   0   0   0   0 |   h = AIDS
   3   0   0   0   0   0   1   0   5   0   0   0   0   0   0   0   0   0   2   0   0   0   2   0   0   0   0   0   0   0   0   1   0   0   0   0   0   0   0   0   0   0   0   0   0   0   0   0 |   i = Lung Cancer
   1   0   1   1   0   2   2   1   0  75   0   0   2   0   0   0   0   0   0   1   0   0   1   0   1   0   0   0   0   2   0   0   1   0   0   0   0   0   0   0   0   0   0   0   0   0   0   0 |   j = Maternal
   1   0   0   0   0   4   0   1   0   0  28   1   1   0   0   1   0   0   0   1   0   0   0   0   0   0   0   0   0   0   0   0   0   0   0   0   0   0   1   0   0   0   0   0   0   0   0   0 |   k = Drowning
   4   0   0   1   4   2   8   2   0   2   0  45   0   0   1   1   1   0   1   3   0   0  12   1   1   0   1   0   0   1   0   0   0   0   0   0   0   0   0   1   0   0   0   0   0   0   0   0 |   l = Other Cardiovascular Diseases
   4   0   2   0   2   1   6   5   3   4   1   2  38   0   1   0   6   2   1   5   0   3   5   0   0   1   3   1   1   6   2   1   0   2   0   0   0   0   0   0   0   0   0   0   0   0   0   0 |   m = Other Non-communicable Diseases
   4   0   0   0   0   7   2   1   0   1   3   1   3  10   0   0   1   1   0   4   3   0   2   0   0   0   3   0   0   0   0   1   0   0   0   1   0   0   0   0   0   1   0   0   0   0   0   0 |   n = Falls
   4   0   0   0   0   1   2   0   0   0   1   0   0   0  49   0   0   0   0   0   2   0   2   0   0   0   2   0   0   0   0   0   0   0   0   0   1   0   0   0   0   0   0   0   0   0   0   0 |   o = Road Traffic
   0   0   0   0   0   0   0   0   0   0   0   0   0   0   0  25   0   0   0   0   0   0   0   0   0   0   0   0   0   0   0   0   0   0   0   0   0   0   1   0   0   0   0   0   0   0   0   0 |   p = Bite of Venomous Animal
   7   0   0   0   1   0   2   0   1   0   0   0   2   0   2   0  43   0   0   1   0   1  10   0   0   0   0   1   0   1   1   1   0   1   0   0   0   0   0   0   0   0   0   0   0   0   0   0 |   q = Diabetes
   3   0   0   0   0   3   5   2   0   3   0   2   1   0   1   0   0  33   1   2   0   1   3   0   0   0   1   1   0   3   1   0   0   0   1   0   3   1   0   0   1   0   0   0   0   0   0   0 |   r = Other Infectious Diseases
   4   0   0   0   1   3   0   3   0   0   1   1   1   0   0   0   1   2  24   1   0   0   2   0   0   0   0   0   0   1   0   1   1   0   0   0   0   0   0   0   0   0   0   0   0   0   0   0 |   s = TB
   1   0   0   0   0   2   1   1   0   0   0   0   0   0   0   0   0   0   0  26   0   0   0   0   0   0   0   0   0   0   0   0   0   0   0   0   0   0   0   0   0   0   0   0   0   0   0   0 |   t = Suicide
   1   0   0   0   0   3   0   0   0   0   0   0   0   0   0   0   0   0   0   5  13   0   0   0   0   0   0   0   0   0   0   0   0   0   0   0   0   0   0   0   0   0   0   0   0   0   0   0 |   u = Other Injuries
   0   0   0   0   0   0   0   0   0   0   0   0   1   0   0   0   1   0   0   0   0   5   0   0   0   0   0   0   0   2   0   0   0   0   1   0   0   0   0   0   0   0   0   0   0   0   0   0 |   v = Cervical Cancer
  10   0   0   0   2   0   5   5   0   0   0   0   0   0   0   0   4   0   1   6   3   1  78   0   0   0   3   1   0   4   2   3   0   0   0   0   0   0   0   0   0   0   0   0   0   0   0   0 |   w = Stroke
   1   0   2   1   0   1   1   3   0   5   0   0   1   0   0   0   0   0   0   0   0   0   0   6   0   0   0   1   0   0   1   0   0   0   0   0   0   1   0   1   0   1   2   0   0   0   0   0 |   x = Malaria
   0   0   0   0   0   0   0   0   0   1   0   0   0   0   0   1   0   0   0   1   0   0   1   0   3   0   0   0   0   0   0   0   0   0   0   0   0   0   0   0   0   0   0   0   0   0   0   0 |   y = Asthma
   0   0   0   0   0   0   0   0   0   0   0   0   0   0   0   0   1   0   0   2   0   0   1   0   0   4   0   0   1   4   0   1   0   0   1   0   0   0   0   0   1   0   0   0   0   0   0   0 |   z = Colorectal Cancer
   2   0   0   0   0   5   0   0   0   2   0   0   0   0   0   0   0   0   0   3   1   0   0   0   0   0  15   0   0   0   0   2   0   0   0   0   0   0   0   0   0   0   1   0   0   0   0   0 |  aa = Homicide
   4   0   6   0   1   1   3   0   1   3   1   1   1   0   0   0   3   0   1   1   0   0   2   2   0   0   0  54   0   1   0   0   2   0   1   0   0   1   0   5   1   1   1   0   0   0   0   0 |  ab = Diarrhea/Dysentery
   0   0   0   0   0   0   0   0   0   0   0   0   0   0   0   0   0   0   0   0   0   0   0   0   0   0   0   0  21   3   0   0   0   1   1   0   0   0   0   0   0   0   0   0   0   0   0   0 |  ac = Breast Cancer
   2   0   0   0   1   0   0   1   0   1   0   0   1   0   0   0   0   0   0   1   0   0   2   0   0   0   1   0   0   8   0   0   0   1   0   0   0   0   0   0   0   0   0   0   0   0   0   0 |  ad = Leukemia/Lymphomas
   0   0   3   0   0   1   0   1   1   4   0   1   0   0   1   0   1   0   0   0   1   0   3   0   0   0   1   0   0   0   6   0   0   0   0   0   0   0   0   0   0   0   0   0   0   0   0   0 |  ae = Poisonings
   0   0   0   0   0   1   0   0   0   0   0   0   0   0   0   0   0   0   0   0   0   0   0   0   0   0   0   0   0   0   0   4   0   0   0   0   0   0   0   0   0   0   0   0   0   0   0   0 |  af = Prostate Cancer
   0   0   0   0   0   0   0   0   0   0   0   0   0   0   0   0   1   0   0   0   0   0   0   0   0   0   0   0   1   0   0   0   0   0   0   0   0   0   0   0   0   0   0   0   0   0   0   0 |  ag = Esophageal Cancer
   0   0   0   0   0   0   0   0   0   0   0   0   0   0   0   0   1   0   0   1   0   0   0   0   0   0   0   0   0   1   0   0   0   4   0   0   0   0   0   0   0   0   0   0   0   0   0   0 |  ah = Stomach Cancer
   0   0   0   0   0   0   0   0   0   0   0   0   0   0   0   0   0   0   0   0   0   0   0   0   0   0   0   0   0   0   0   0   0   0   6   0   1   0   0   0   0   0   0   0   0   0   0   0 |  ai = Measles
   0   0   6   0   0   4   0   0   0   0   1   0   0   0   2   0   0   0   0   0   0   0   0   0   0   0   0   1   0   0   0   0   0   0   1   8   0   6   1   3   0   0   0   0   0   0   0   2 |  aj = Other Defined Causes of Child Deaths
   0   0   0   0   0   0   0   0   0   0   0   0   0   0   0   0   0   0   0   0   0   0   0   0   0   0   0   0   0   0   0   0   0   0   0   0  11   0   0   0   0   0   0   0   0   0   0   0 |  ak = Violent Death
   0   0   0   0   0   0   0   0   0   0   0   0   0   0   0   0   0   0   0   0   0   0   0   0   0   0   0   0   0   0   0   0   0   0   0   0   0  10   0   0   0   0   0   0   0   0   0   0 |  al = Other Digestive Diseases
   0   0   0   0   0   1   0   0   0   0   0   0   0   0   0   0   0   0   0   0   0   0   0   0   0   0   0   0   0   0   0   0   0   0   0   0   0   0   8   1   0   0   0   0   0   0   0   0 |  am = Encephalitis
   0   0   3   0   0   0   0   0   0   0   0   0   0   0   0   0   0   0   0   0   0   0   0   0   0   0   0   0   0   0   0   0   0   0   1   0   0   0   1  22   0   0   0   0   0   0   0   0 |  an = Sepsis
   0   0   0   0   0   1   0   0   0   0   1   0   0   0   0   0   0   0   0   0   0   0   0   0   0   0   0   0   0   0   0   0   0   0   0   0   0   0   0   2   3   0   0   0   0   0   0   0 |  ao = Other Cancers
   0   0   0   0   0   0   0   0   0   0   0   0   0   0   0   0   0   0   0   0   0   0   0   0   0   0   0   0   0   0   0   0   0   0   0   0   0   0   0   1   0   9   0   0   0   0   0   0 |  ap = Hemorrhagic fever
   0   0   0   0   0   0   0   0   0   0   0   0   0   0   0   0   0   0   0   0   0   0   0   0   0   0   0   0   0   0   0   0   0   0   0   1   0   1   0   0   0   0   9   0   0   0   0   0 |  aq = Meningitis
   1   0   0   0   0   0   0   0   0   0   0   0   0   0   0   0   0   0   0   0   0   0   0   0   0   0   0   0   0   0   0   0   0   0   0   0   0   0   0   0   0   0   0  47  13   8   0   5 |  ar = Birth asphyxia
   0   0   0   0   0   0   0   0   0   0   0   0   0   0   0   0   0   0   0   0   0   0   0   0   0   0   0   0   0   0   0   0   0   0   0   0   0   0   0   0   0   0   0   3 138   0   0   0 |  as = Stillbirth
   0   0   0   0   0   0   0   0   0   0   0   0   0   0   0   0   0   0   0   0   0   0   0   0   0   0   0   0   0   0   0   0   0   0   0   0   0   0   0   0   0   0   0   2   5  88   1   2 |  at = Preterm Delivery
   0   0   0   0   0   0   0   0   0   0   0   0   0   0   0   0   0   0   0   0   0   0   0   0   0   0   0   0   0   0   0   0   0   0   1   0   0   0   0   0   0   0   0   1   2   0   8   1 |  au = Meningitis/Sepsis
   0   0   0   0   0   0   0   0   0   0   0   0   0   0   0   0   1   0   0   0   0   0   0   0   0   0   0   0   0   0   0   0   0   0   0   0   0   0   0   0   0   0   0   0   1   4   0  33 |  av = Congenital malformation


