
Correctly Classified Instances         963               43.1258 %
Incorrectly Classified Instances      1270               56.8742 %
Kappa statistic                          0.4137
Mean absolute error                      0.0248
Root mean squared error                  0.1323
Relative absolute error                 61.8212 %
Root relative squared error             93.5028 %
Total Number of Instances             2233     

=== Detailed Accuracy By Class ===

                 TP Rate  FP Rate  Precision  Recall   F-Measure  MCC      ROC Area  PRC Area  Class
                 0,541    0,029    0,347      0,541    0,423      0,414    0,928     0,513     Cirrhosis
                 0,222    0,003    0,222      0,222    0,222      0,219    0,967     0,321     Epilepsy
                 0,205    0,014    0,613      0,205    0,308      0,318    0,802     0,428     Pneumonia
                 0,471    0,020    0,267      0,471    0,340      0,341    0,950     0,271     COPD
                 0,404    0,022    0,429      0,404    0,416      0,393    0,935     0,442     Acute Myocardial Infarction
                 0,341    0,008    0,469      0,341    0,395      0,390    0,914     0,375     Fires
                 0,354    0,015    0,468      0,354    0,403      0,387    0,880     0,383     Renal Failure
                 0,212    0,009    0,424      0,212    0,283      0,285    0,873     0,323     AIDS
                 0,429    0,005    0,353      0,429    0,387      0,385    0,983     0,313     Lung Cancer
                 0,560    0,008    0,750      0,560    0,642      0,636    0,936     0,648     Maternal
                 0,744    0,034    0,279      0,744    0,406      0,441    0,967     0,609     Drowning
                 0,196    0,010    0,462      0,196    0,275      0,282    0,830     0,305     Other Cardiovascular Diseases
                 0,111    0,014    0,286      0,111    0,160      0,153    0,810     0,245     Other Non-communicable Diseases
                 0,143    0,018    0,152      0,143    0,147      0,129    0,854     0,165     Falls
                 0,625    0,008    0,690      0,625    0,656      0,647    0,959     0,661     Road Traffic
                 0,962    0,002    0,833      0,962    0,893      0,894    0,999     0,924     Bite of Venomous Animal
                 0,320    0,009    0,558      0,320    0,407      0,408    0,868     0,346     Diabetes
                 0,111    0,007    0,333      0,111    0,167      0,178    0,821     0,184     Other Infectious Diseases
                 0,447    0,010    0,500      0,447    0,472      0,462    0,913     0,407     TB
                 0,677    0,017    0,362      0,677    0,472      0,486    0,973     0,664     Suicide
                 0,455    0,021    0,179      0,455    0,256      0,274    0,964     0,359     Other Injuries
                 0,500    0,004    0,385      0,500    0,435      0,436    0,995     0,490     Cervical Cancer
                 0,492    0,047    0,389      0,492    0,434      0,399    0,896     0,419     Stroke
                 0,500    0,024    0,212      0,500    0,298      0,313    0,955     0,204     Malaria
                 0,714    0,005    0,313      0,714    0,435      0,470    0,978     0,446     Asthma
                 0,375    0,005    0,353      0,375    0,364      0,359    0,953     0,372     Colorectal Cancer
                 0,677    0,041    0,189      0,677    0,296      0,343    0,940     0,381     Homicide
                 0,316    0,013    0,525      0,316    0,395      0,387    0,861     0,378     Diarrhea/Dysentery
                 0,692    0,004    0,692      0,692    0,692      0,689    0,988     0,746     Breast Cancer
                 0,421    0,023    0,133      0,421    0,203      0,226    0,941     0,114     Leukemia/Lymphomas
                 0,417    0,011    0,286      0,417    0,339      0,337    0,953     0,385     Poisonings
                 0,600    0,000    0,750      0,600    0,667      0,670    0,999     0,831     Prostate Cancer
                 1,000    0,008    0,100      1,000    0,182      0,315    1,000     1,000     Esophageal Cancer
                 0,571    0,009    0,167      0,571    0,258      0,305    0,986     0,472     Stomach Cancer
                 0,857    0,004    0,400      0,857    0,545      0,584    0,999     0,737     Measles
                 0,257    0,015    0,214      0,257    0,234      0,221    0,943     0,256     Other Defined Causes of Child Deaths
                 0,818    0,005    0,450      0,818    0,581      0,604    0,998     0,688     Violent Death
                 0,900    0,008    0,333      0,900    0,486      0,545    0,998     0,751     Other Digestive Diseases
                 0,700    0,003    0,500      0,700    0,583      0,589    0,992     0,614     Encephalitis
                 0,481    0,010    0,371      0,481    0,419      0,415    0,973     0,408     Sepsis
                 0,714    0,002    0,500      0,714    0,588      0,596    0,995     0,483     Other Cancers
                 0,900    0,003    0,563      0,900    0,692      0,710    0,999     0,752     Hemorrhagic fever
                 0,455    0,005    0,333      0,455    0,385      0,386    0,993     0,502     Meningitis
                 0,622    0,021    0,500      0,622    0,554      0,541    0,976     0,619     Birth asphyxia
                 0,823    0,009    0,866      0,823    0,844      0,834    0,994     0,916     Stillbirth
                 0,520    0,008    0,750      0,520    0,614      0,611    0,982     0,716     Preterm Delivery
                 0,615    0,004    0,471      0,615    0,533      0,535    0,995     0,609     Meningitis/Sepsis
                 0,436    0,010    0,447      0,436    0,442      0,432    0,981     0,513     Congenital malformation
Weighted Avg.    0,431    0,015    0,488      0,431    0,427      0,425    0,909     0,470     

=== Confusion Matrix ===

   a   b   c   d   e   f   g   h   i   j   k   l   m   n   o   p   q   r   s   t   u   v   w   x   y   z  aa  ab  ac  ad  ae  af  ag  ah  ai  aj  ak  al  am  an  ao  ap  aq  ar  as  at  au  av   <-- classified as
  33   1   0   1   1   0   0   1   1   0   0   0   2   1   0   0   0   0   0   1   1   1   2   1   1   1   4   1   0   3   4   0   0   0   0   0   0   0   0   0   0   0   0   0   0   0   0   0 |   a = Cirrhosis
   1   2   0   0   0   0   0   2   0   0   0   0   0   0   0   0   0   0   0   1   0   0   1   0   0   0   1   0   0   1   0   0   0   0   0   0   0   0   0   0   0   0   0   0   0   0   0   0 |   b = Epilepsy
   5   2  46   4  14   3   4   0   1   4  10   3  10  11   1   0   2   3   5   0   5   1   7   9   3   1   5   6   0   5   1   0   3   3   1  11   0   5   1  14   3   2   0   4   0   4   0   2 |   c = Pneumonia
   1   0   0  16   1   0   2   0   0   0   0   0   0   2   0   0   0   0   1   0   2   0   4   0   0   1   4   0   0   0   0   0   0   0   0   0   0   0   0   0   0   0   0   0   0   0   0   0 |   d = COPD
   3   1   0  12  36   0   1   1   0   0   0   4   1   0   0   0   0   0   1   0   7   0  17   0   0   1   2   0   1   0   0   0   1   0   0   0   0   0   0   0   0   0   0   0   0   0   0   0 |   e = Acute Myocardial Infarction
   0   0   0   1   0  15   0   0   0   0   4   0   0   1   1   0   0   0   0   8   0   0   1   3   1   0   6   0   0   0   0   0   0   0   0   0   2   1   0   0   0   0   0   0   0   0   0   0 |   f = Fires
   5   0   0   5   2   0  29   3   0   3   1   2   1   1   0   0   4   2   1   3   2   0   7   3   1   0   3   1   0   1   0   0   1   1   0   0   0   0   0   0   0   0   0   0   0   0   0   0 |   g = Renal Failure
   7   0   0   0   1   1   2  14   0   0   0   2   1   0   3   0   0   2   6   2   2   1   5   2   2   0   2   1   0   2   3   0   2   2   0   0   0   0   1   0   0   0   0   0   0   0   0   0 |   h = AIDS
   0   0   0   0   1   0   0   0   6   0   0   0   2   0   0   0   0   0   1   0   1   0   0   0   0   0   1   0   1   0   0   0   0   1   0   0   0   0   0   0   0   0   0   0   0   0   0   0 |   i = Lung Cancer
   1   0   5   0   0   0   1   0   0  51   8   0   0   0   0   0   0   1   0   5   0   1   1   7   1   0   2   2   1   1   2   0   1   0   0   0   0   0   0   0   0   0   0   0   0   0   0   0 |   j = Maternal
   0   0   0   0   0   1   0   0   0   0  29   0   0   0   0   1   0   0   0   0   2   0   0   1   0   0   1   0   0   0   0   0   0   0   0   1   2   0   0   0   0   0   0   0   1   0   0   0 |   k = Drowning
   5   0   9   9   3   0   3   0   1   1   0  18   2   0   0   1   3   0   0   1   4   0  14   2   0   1   1   0   0   7   0   0   2   1   0   1   1   1   0   0   1   0   0   0   0   0   0   0 |   l = Other Cardiovascular Diseases
   6   0   0   1   3   0   3   1   3   2   4   3  12   5   0   0   3   2   3   2   4   1  10   5   0   2  10   3   2   9   2   0   1   5   0   1   0   0   0   0   0   0   0   0   0   0   0   0 |   m = Other Non-communicable Diseases
   1   0   0   0   2   0   0   0   0   0  11   1   0   7   5   0   0   0   0   1   3   0   6   0   0   0   7   0   0   0   0   0   0   0   0   3   0   0   0   1   0   0   1   0   0   0   0   0 |   n = Falls
   1   0   0   0   0   3   1   0   0   0   2   0   1   2  40   0   1   0   0   1   0   0   2   0   0   0   7   1   0   0   1   0   0   0   0   1   0   0   0   0   0   0   0   0   0   0   0   0 |   o = Road Traffic
   0   0   0   0   0   0   0   0   0   0   0   0   0   0   0  25   0   0   0   0   0   0   0   0   0   0   0   0   0   0   0   0   0   0   0   0   1   0   0   0   0   0   0   0   0   0   0   0 |   p = Bite of Venomous Animal
   8   0   1   2   4   0   3   0   1   0   3   1   1   0   1   0  24   0   1   0   5   0  12   0   1   1   0   1   0   3   1   1   0   0   0   0   0   0   0   0   0   0   0   0   0   0   0   0 |   q = Diabetes
   4   0   0   1   2   0   5   1   0   2   0   1   3   5   2   1   1   8   0   4   1   0   7   1   0   0   3   3   0   2   2   0   0   0   3   2   1   1   0   1   1   1   3   0   0   0   0   0 |   r = Other Infectious Diseases
   1   0   2   1   0   0   1   3   1   0   1   1   0   1   0   0   0   0  21   3   1   0   0   1   0   0   4   0   1   1   2   0   1   0   0   0   0   0   0   0   0   0   0   0   0   0   0   0 |   s = TB
   1   0   0   0   0   1   1   0   0   0   1   0   1   0   1   0   0   0   0  21   0   0   0   0   0   0   2   0   0   0   2   0   0   0   0   0   0   0   0   0   0   0   0   0   0   0   0   0 |   t = Suicide
   0   0   0   0   1   0   0   0   0   0   2   0   0   0   0   0   0   0   0   0  10   0   0   0   0   0   8   0   0   1   0   0   0   0   0   0   0   0   0   0   0   0   0   0   0   0   0   0 |   u = Other Injuries
   1   0   0   0   0   0   1   0   0   0   0   0   0   1   0   0   0   0   0   0   0   5   0   0   0   0   0   0   0   2   0   0   0   0   0   0   0   0   0   0   0   0   0   0   0   0   0   0 |   v = Cervical Cancer
   6   2   1   2  10   0   2   0   1   1   0   1   2   6   2   0   2   1   1   2   1   1  63   1   0   3   9   2   0   3   1   0   2   0   0   0   0   0   0   0   0   0   0   0   0   0   0   0 |   w = Stroke
   1   0   0   1   0   0   0   2   0   3   0   0   0   0   0   0   0   0   0   1   0   0   0  14   0   0   0   0   0   0   0   0   0   0   0   1   1   3   0   0   0   1   0   0   0   0   0   0 |   x = Malaria
   1   0   0   0   0   0   0   0   0   0   0   0   0   0   0   1   0   0   0   0   0   0   0   0   5   0   0   0   0   0   0   0   0   0   0   0   0   0   0   0   0   0   0   0   0   0   0   0 |   y = Asthma
   0   0   0   1   1   0   0   0   0   0   0   0   1   0   0   0   0   0   0   0   0   0   1   0   0   6   0   0   0   2   0   0   2   2   0   0   0   0   0   0   0   0   0   0   0   0   0   0 |   z = Colorectal Cancer
   0   0   0   0   0   2   0   0   0   1   1   0   0   0   1   0   1   0   1   0   2   0   0   0   0   0  21   1   0   0   0   0   0   0   0   0   0   0   0   0   0   0   0   0   0   0   0   0 |  aa = Homicide
   2   1   1   3   0   0   3   5   0   0  12   1   0   2   0   0   1   2   0   0   3   1   0   9   1   0   0  31   0   3   2   0   0   0   3   3   0   1   1   2   0   1   4   0   0   0   0   0 |  ab = Diarrhea/Dysentery
   0   0   0   0   0   0   0   0   1   0   0   0   0   0   0   0   0   0   0   0   0   0   0   0   0   0   0   0  18   4   0   0   0   3   0   0   0   0   0   0   0   0   0   0   0   0   0   0 |  ac = Breast Cancer
   0   0   0   0   2   0   0   0   0   0   0   0   2   0   0   0   1   0   0   0   0   0   0   1   0   0   2   0   2   8   0   0   1   0   0   0   0   0   0   0   0   0   0   0   0   0   0   0 |  ad = Leukemia/Lymphomas
   1   0   1   0   0   0   0   0   0   0   1   0   0   0   0   1   0   0   0   2   0   0   1   1   0   0   5   1   0   0  10   0   0   0   0   0   0   0   0   0   0   0   0   0   0   0   0   0 |  ae = Poisonings
   0   0   0   0   0   0   0   0   0   0   0   0   0   0   0   0   0   0   0   0   0   0   0   0   0   0   0   0   0   0   0   3   0   2   0   0   0   0   0   0   0   0   0   0   0   0   0   0 |  af = Prostate Cancer
   0   0   0   0   0   0   0   0   0   0   0   0   0   0   0   0   0   0   0   0   0   0   0   0   0   0   0   0   0   0   0   0   2   0   0   0   0   0   0   0   0   0   0   0   0   0   0   0 |  ag = Esophageal Cancer
   0   0   0   0   0   0   0   0   1   0   0   0   0   0   0   0   0   0   0   0   0   0   0   0   0   0   0   0   0   1   0   0   1   4   0   0   0   0   0   0   0   0   0   0   0   0   0   0 |  ah = Stomach Cancer
   0   0   0   0   0   0   0   0   0   0   0   0   0   0   0   0   0   0   0   0   0   0   0   0   0   0   0   0   0   0   0   0   0   0   6   0   1   0   0   0   0   0   0   0   0   0   0   0 |  ai = Measles
   0   0   1   0   0   3   0   0   0   0   5   0   0   1   1   0   0   1   0   0   0   0   1   0   0   0   0   3   0   0   0   0   0   0   2   9   2   2   2   1   0   0   0   0   0   0   0   1 |  aj = Other Defined Causes of Child Deaths
   0   0   0   0   0   0   0   0   0   0   0   0   0   0   0   0   0   0   0   0   0   0   0   0   0   0   0   0   0   0   2   0   0   0   0   0   9   0   0   0   0   0   0   0   0   0   0   0 |  ak = Violent Death
   0   0   0   0   0   0   0   0   0   0   0   0   0   0   0   0   0   0   0   0   0   0   0   0   0   0   0   0   0   0   0   0   0   0   0   0   0   9   0   1   0   0   0   0   0   0   0   0 |  al = Other Digestive Diseases
   0   0   0   0   0   0   0   0   0   0   1   0   0   0   0   0   0   0   0   0   0   0   0   0   0   0   0   0   0   0   0   0   0   0   0   0   0   0   7   1   0   1   0   0   0   0   0   0 |  am = Encephalitis
   0   0   0   0   0   2   0   0   0   0   1   0   0   0   0   0   0   1   0   0   0   0   0   4   0   0   1   1   0   0   0   0   0   0   0   2   0   0   0  13   0   1   1   0   0   0   0   0 |  an = Sepsis
   0   0   0   0   0   0   0   0   0   0   0   1   0   0   0   0   0   0   0   0   0   0   0   0   0   0   0   0   0   0   0   0   0   0   0   0   0   0   0   0   5   0   1   0   0   0   0   0 |  ao = Other Cancers
   0   0   0   0   0   0   0   0   0   0   0   0   0   0   0   0   0   0   0   0   0   0   0   0   0   0   0   0   0   0   0   0   0   0   0   0   0   0   1   0   0   9   0   0   0   0   0   0 |  ap = Hemorrhagic fever
   0   0   0   0   0   0   0   0   0   0   0   0   0   0   0   0   0   0   0   0   0   0   0   0   0   0   0   1   0   0   0   0   0   0   0   1   0   2   1   1   0   0   5   0   0   0   0   0 |  aq = Meningitis
   0   0   2   0   0   0   0   0   0   0   2   0   0   0   0   0   0   1   0   0   0   0   0   0   0   0   0   0   0   0   0   0   0   0   0   1   0   0   0   0   0   0   0  46  11   6   0   5 |  ar = Birth asphyxia
   0   0   0   0   0   0   0   0   0   0   5   0   0   0   0   0   0   0   0   0   0   0   0   0   0   0   0   0   0   0   0   0   0   0   0   4   0   0   0   0   0   0   0  12 116   2   0   2 |  as = Stillbirth
   0   0   3   0   0   1   0   0   0   0   0   0   0   0   0   0   0   0   0   0   0   1   0   1   0   0   0   0   0   1   0   0   0   0   0   0   0   1   0   0   0   0   0  20   3  51   7   9 |  at = Preterm Delivery
   0   0   1   0   0   0   0   0   0   0   0   0   0   0   0   0   0   0   0   0   0   0   0   0   0   0   0   0   0   0   0   0   0   0   0   0   0   0   0   0   0   0   0   1   0   1   8   2 |  au = Meningitis/Sepsis
   0   0   2   0   0   0   0   0   0   0   0   0   0   0   0   0   0   0   0   0   0   0   0   0   0   0   0   0   0   0   0   0   0   0   0   1   0   1   0   0   0   0   0   9   3   4   2  17 |  av = Congenital malformation


